# 10/10 iterations complete ✅ (3787.49s)
# Results saved to runs\detect\tune2
# Best fitness=0.75481 observed at iteration 4
# Best fitness metrics are {'metrics/precision(B)': 0.95798, 'metrics/recall(B)': 0.94911, 'metrics/mAP50(B)': 0.97701, 'metrics/mAP50-95(B)': 0.73012, 'val/box_loss': 0.98013, 'val/cls_loss': 0.57509, 'val/dfl_loss': 0.98323, 'fitness': 0.75481}
# Best fitness model is runs\detect\train14
# Best fitness hyperparameters are printed below.

lr0: 0.01063
lrf: 0.00942
momentum: 0.93367
weight_decay: 0.00036
warmup_epochs: 3.34026
warmup_momentum: 0.69515
box: 7.41372
cls: 0.50936
dfl: 1.47062
hsv_h: 0.01024
hsv_s: 0.70668
hsv_v: 0.44863
degrees: 0.0
translate: 0.10316
scale: 0.36987
shear: 0.0
perspective: 0.0
flipud: 0.0
fliplr: 0.45621
bgr: 0.0
mosaic: 0.92207
mixup: 0.0
copy_paste: 0.0
