# trodo_stage2.yaml
path: trodo/stage2_digits_only
train: images/train
val: images/val

nc: 10
lr0: 0.01063
lrf: 0.00942
momentum: 0.93367
weight_decay: 0.00036
warmup_epochs: 3.34026
warmup_momentum: 0.69515
box: 7.41372
cls: 0.50936
dfl: 1.47062
hsv_h: 0.01024
hsv_s: 0.70668
hsv_v: 0.44863
degrees: 0.0
translate: 0.10316
scale: 0.36987
shear: 0.0
perspective: 0.0
flipud: 0.0
fliplr: 0.45621
bgr: 0.0
mosaic: 0.92207
mixup: 0.0
copy_paste: 0.0
names: ['0','1','2','3','4','5','6','7','8','9']
