# trodo_stage1.yaml
path: trodo/stage1_full_odometer
train: images/train
val: images/val

nc: 1
lr0: 0.00992
lrf: 0.00961
momentum: 0.889
weight_decay: 0.00064
warmup_epochs: 3.0
warmup_momentum: 0.80242
box: 7.49348
cls: 0.5
dfl: 1.4275
hsv_h: 0.01754
hsv_s: 0.50638
hsv_v: 0.34698
degrees: 0.0
translate: 0.10357
scale: 0.44216
shear: 0.0
perspective: 0.0
flipud: 0.0
fliplr: 0.54797
bgr: 0.0
mosaic: 1.0
mixup: 0.0
copy_paste: 0.0
names: ['odometer']
